         247
1001001001001001
   1.0000000000000000     
1001001001000110
  -3.0000000000000009     
1001001000110001
  -3.0000000000000009     
1001000110001001
  -3.0000000000000009     
1000110001001001
  -3.0000000000000009     
0110001001001001
  -3.0000000000000009     
1001000110000110
   9.0000000000000053     
1000110001000110
   9.0000000000000053     
0110001001000110
   9.0000000000000053     
1000110000110001
   9.0000000000000053     
0110001000110001
   9.0000000000000053     
0110000110001001
   9.0000000000000053     
1001001000101010
   6.0000000000000044     
1001000101010001
   6.0000000000000044     
1000101010001001
   6.0000000000000044     
0101010001001001
   6.0000000000000044     
0110000110000110
  -27.000000000000014     
1000110000101010
  -18.000000000000018     
0110001000101010
  -18.000000000000018     
1000101010000110
  -18.000000000000018     
0101010001000110
  -18.000000000000018     
0110000101010001
  -18.000000000000018     
0101010000110001
  -18.000000000000018     
1001000101001010
  -12.000000000000011     
1000101001010001
  -12.000000000000011     
0101001010001001
  -12.000000000000011     
1001001000011100
  -15.000000000000011     
1001000011100001
  -15.000000000000011     
1000011100001001
  -15.000000000000011     
0011100001001001
  -15.000000000000011     
1001000100110010
  -9.0000000000000107     
0110000101001010
   36.000000000000036     
0101010000101010
   36.000000000000050     
0101001010000110
   36.000000000000036     
1000100110010001
  -9.0000000000000107     
0100110010001001
  -9.0000000000000107     
1000110000011100
   45.000000000000050     
0110001000011100
   45.000000000000050     
1000011100000110
   45.000000000000050     
0011100001000110
   45.000000000000050     
0110000011100001
   45.000000000000050     
0011100000110001
   45.000000000000050     
1000101001001010
   24.000000000000032     
0101001001010001
   24.000000000000032     
1001000100101100
   27.000000000000018     
1001000011010010
   27.000000000000018     
0110000100110010
   27.000000000000028     
0100110010000110
   27.000000000000032     
1000100101100001
   27.000000000000018     
1000011010010001
   27.000000000000018     
0100101100001001
   27.000000000000018     
0011010010001001
   27.000000000000018     
1000101000110010
   18.000000000000025     
1000100110001010
   18.000000000000025     
0101000110010001
   18.000000000000025     
0100110001010001
   18.000000000000025     
0101010000011100
  -90.000000000000128     
0011100000101010
  -90.000000000000128     
0101001001001010
  -48.000000000000064     
1001000011001100
  -5.9999999999999956     
0110000100101100
  -81.000000000000099     
0110000011010010
  -81.000000000000099     
0100101100000110
  -81.000000000000099     
0011010010000110
  -81.000000000000099     
1000011001100001
  -5.9999999999999956     
0011001100001001
  -5.9999999999999956     
1000101000101100
  -54.000000000000071     
1000011010001010
  -54.000000000000064     
0101000101100001
  -54.000000000000071     
0011010001010001
  -54.000000000000064     
1000100101010010
  -36.000000000000036     
0101001000110010
  -36.000000000000057     
0101000110001010
  -36.000000000000078     
0100110001001010
  -36.000000000000057     
0100101010010001
  -36.000000000000036     
1001000010110100
  -45.000000000000036     
0110000011001100
   18.000000000000014     
0011001100000110
   18.000000000000014     
1000010110100001
  -45.000000000000036     
0010110100001001
  -45.000000000000036     
0011100000011100
   225.00000000000034     
1000100101001100
  -27.000000000000036     
0101001000101100
   108.00000000000014     
1000011001010010
  -27.000000000000039     
0100110000110010
  -27.000000000000046     
0011010001001010
   108.00000000000014     
0100101001100001
  -27.000000000000036     
0011001010010001
  -27.000000000000039     
0110000010110100
   135.00000000000017     
0010110100000110
   135.00000000000014     
0101000101010010
   72.000000000000142     
0100101010001010
   72.000000000000128     
1000100011100010
  -36.000000000000028     
0100011100010001
  -36.000000000000028     
1000100100110100
   81.000000000000128     
1000011001001100
   111.00000000000013     
0100110000101100
   81.000000000000142     
1000010110010010
   81.000000000000114     
0011010000110010
   81.000000000000128     
0100100110100001
   81.000000000000128     
0011001001100001
   111.00000000000013     
0010110010010001
   81.000000000000114     
1001000001111000
   105.00000000000010     
1000001111000001
   105.00000000000010     
0001111000001001
   105.00000000000010     
0101000101001100
   54.000000000000092     
0011001010001010
   54.000000000000092     
0100101001010010
   99.000000000000114     
1000100011010100
   72.000000000000057     
1000011000110100
  -18.000000000000021     
1000010110001100
  -18.000000000000028     
0011010000101100
  -243.00000000000043     
1000010101100010
   72.000000000000057     
0101000011100010
   72.000000000000071     
0100011100001010
   72.000000000000057     
0100011010100001
   72.000000000000057     
0011000110100001
  -18.000000000000021     
0010110001100001
  -18.000000000000028     
0010101100010001
   72.000000000000057     
0110000001111000
  -315.00000000000040     
0001111000000110
  -315.00000000000040     
0101000100110100
  -162.00000000000026     
0010110010001010
  -162.00000000000020     
0100101001001100
  -162.00000000000020     
0100100110010010
  -162.00000000000026     
0011001001010010
  -162.00000000000026     
1000010101010100
  -144.00000000000023     
0101000011010100
  -144.00000000000023     
0010101100001010
  -144.00000000000023     
0010101010100001
  -144.00000000000023     
1000100010111000
  -180.00000000000028     
1000001110100010
  -180.00000000000028     
0100010111000001
  -180.00000000000028     
0001110100010001
  -180.00000000000028     
0100101000110100
  -81.000000000000142     
0100100110001100
   81.000000000000099     
0011001001001100
  -69.000000000000185     
0100100101100010
  -81.000000000000142     
0100011010010010
  -81.000000000000099     
0011000110010010
   81.000000000000099     
0010110001010010
  -81.000000000000099     
0011001000110100
   333.00000000000063     
0100011010001100
  -117.00000000000020     
0011000110001100
  -153.00000000000014     
0010110001001100
   333.00000000000051     
0100011001100010
  -117.00000000000016     
0011000101100010
  -117.00000000000017     
1000010100111000
   45.000000000000057     
0101000010111000
   360.00000000000068     
1000010011100100
  -90.000000000000099     
1000001110010100
   45.000000000000064     
0001110100001010
   360.00000000000068     
0010100111000001
   45.000000000000057     
0010011100100001
  -90.000000000000099     
0001110010100001
   45.000000000000064     
0100100101010100
   162.00000000000026     
0010101010010010
   162.00000000000026     
0010110000110100
  -54.000000000000142     
0100010110100010
   216.00000000000034     
1000010011011000
   270.00000000000040     
1000001101100100
   270.00000000000040     
0010011011000001
   270.00000000000040     
0001101100100001
   270.00000000000040     
0100011001010100
   234.00000000000045     
0011000101010100
   234.00000000000040     
0010101010001100
   234.00000000000040     
0010101001100010
   234.00000000000045     
0100100100111000
   162.00000000000037     
0100100011100100
   162.00000000000034     
0010011100010010
   162.00000000000031     
0001110010010010
   162.00000000000020     
1000001101011000
  -75.000000000000071     
0001101011000001
  -75.000000000000071     
0100010110010100
   108.00000000000017     
0010100110100010
   108.00000000000017     
0010101001010100
  -468.00000000000080     
0100100011011000
  -486.00000000000085     
0100011000111000
  -81.000000000000171     
0011000100111000
  -711.00000000000136     
0011000011100100
  -35.999999999999986     
0010011100001100
  -35.999999999999957     
0001110010001100
  -711.00000000000136     
0001110001100010
  -81.000000000000171     
0001101100010010
  -486.00000000000097     
0100001111000010
   225.00000000000054     
0100010101100100
  -324.00000000000051     
0010011010100010
  -324.00000000000057     
1000001011101000
  -420.00000000000080     
0001011101000001
  -420.00000000000080     
0010100110010100
  -351.00000000000063     
0011000011011000
   108.00000000000007     
0001101100001100
   108.00000000000007     
0100010101011000
  -288.00000000000057     
0010101000111000
   162.00000000000031     
0001110001010100
   162.00000000000043     
0001101010100010
  -288.00000000000045     
0010100101100100
  -162.00000000000034     
0010011010010100
  -162.00000000000043     
0100001110100100
  -405.00000000000063     
0010010111000010
  -405.00000000000063     
0010100101011000
   801.00000000000159     
0010011001100100
   666.00000000000102     
0001101010010100
   801.00000000000171     
0100010011101000
   720.00000000000136     
0100001110011000
   90.000000000000099     
0001110000111000
  -90.000000000000185     
0001100111000010
   90.000000000000043     
0001011100100010
   720.00000000000159     
1000000111110000
   945.00000000000171     
0000111110000001
   945.00000000000171     
0010011001011000
  -108.00000000000017     
0010010110100100
   567.00000000000091     
0001101001100100
  -108.00000000000045     
0100001101101000
   675.00000000000114     
0001011011000010
   675.00000000000102     
0010100011101000
  -180.00000000000043     
0001011100010100
  -180.00000000000040     
0010010110011000
   324.00000000000074     
0001101001011000
  -201.00000000000043     
0001100110100100
   324.00000000000080     
0010010101101000
  -1215.0000000000025     
0001100110011000
  -1422.0000000000034     
0001011010100100
  -1215.0000000000023     
0010001111000100
   450.00000000000063     
0100001011110000
  -1575.0000000000030     
0000111101000010
  -1575.0000000000030     
0001100101101000
   270.00000000000074     
0001011010011000
   270.00000000000040     
0010001110101000
  -900.00000000000171     
0001010111000100
  -900.00000000000193     
0001011001101000
   345.00000000000080     
0010010011110000
   405.00000000000074     
0000111100100100
   405.00000000000040     
0001010110101000
   1800.0000000000041     
0010001101110000
   2250.0000000000045     
0001100011110000
   45.000000000000377     
0000111100011000
   45.000000000000242     
0000111011000100
   2250.0000000000050     
0001010101110000
  -720.00000000000159     
0000111010101000
  -720.00000000000148     
0001001111001000
   1050.0000000000027     
0001001110110000
  -3150.0000000000068     
0000111001110000
   225.00000000000068     
0000110111001000
  -3150.0000000000073     
0000110110110000
   945.00000000000193     
0000101111010000
   4725.0000000000109     
0000011111100000
  -10395.000000000024     
